# Rapport de simulation

Produit par `npm run simulations`, sur le commit 574af4c.
Ce n'est PAS un test humain: il ne dit rien du plaisir, de la lisibilité ni du
ressenti. Il mesure des nombres, avec les vraies formules du jeu.

```


==============================================================================================================
FAMILLE 1 — MÉCANIQUE CONTINUE (cadence tenue en permanence)
==============================================================================================================

--- 3 clics/s ---
horizon    cuits total   dispo. par clic cadence prod.clics    minage     total  ratio achats bât. paliers prst asc.   chips étoil. CRMB  décision
1 min         738       166      3.27   3.00      9.80      8.00        18   2.23      6     2      0    0    0       0     0     0      34 s
5 min       13513      5082        11   3.00        32        50        82   1.63     20     4      0    0    0       0     0     0   1.2 min
15 min    1.86e+5     90155        54   3.00       163       240       403   1.53     40     6      0    0    0       0     0     0   1.7 min
1 h       3.32e+7   5.28e+6      4257   3.00     12770     23248     36018   1.56    152    11      8    0    0       0     0     0   2.0 min
6 h       6.78e+9   1.28e+7   4.37e+5   3.00   1.31e+6   2.64e+6   3.95e+6   1.54   1111    15     17    3    0     165     0    15   1.4 min
1 j      9.73e+11  2.80e+10   1.42e+7   3.00   4.25e+7   4.81e+7   9.06e+7   1.65   3553    16     36    7    0     897     0    35   2.0 min
3 j      7.40e+12  7.67e+10   2.38e+7   3.00   7.15e+7   6.29e+7   1.34e+8   1.85   5842    16     41    9    0    2037     0    45   2.1 min
7 j      5.59e+13  4.69e+11   5.31e+7   3.00   1.59e+8   1.69e+8   3.29e+8   1.85   7196    16     48   10    0    3058     0    50   2.2 min
30 j     4.85e+14  2.65e+11   8.78e+8   3.00   2.63e+9   2.66e+9   5.29e+9   1.62  31353    22     55   47    3    7981    14   235   2.1 min
90 j     1.63e+17  8.63e+14  4.59e+10   3.00  1.38e+11  1.17e+11  2.55e+11   1.98  51846    24     77   66    4   61114    21   330   2.4 min
365 j    2.70e+15  2.18e+13   4.29e+9   3.00  1.29e+10  1.23e+10  2.52e+10   1.90  96303    24     62  105    6  148318    51   525   2.7 min

--- 5 clics/s ---
horizon    cuits total   dispo. par clic cadence prod.clics    minage     total  ratio achats bât. paliers prst asc.   chips étoil. CRMB  décision
1 min        1302       282      4.39   5.00        22        10        32   3.36      9     2      0    0    0       0     0     0       7 s
5 min       26447      2696        22   5.00       111        98       209   2.51     28     5      0    0    0       0     0     0   1.2 min
15 min    4.17e+5   1.08e+5       142   5.00       709       448      1157   2.42     50     8      0    0    0       0     0     0   1.2 min
1 h       9.44e+7   6.76e+6     11725   5.00     58623     42944   1.02e+5   2.42    193    12     11    0    0       0     0     0   1.2 min
6 h       3.50e+9   4.16e+8   3.25e+5   5.00   1.62e+6   1.38e+6   3.00e+6   2.42   1431    15     16    4    0     243     0    20      56 s
1 j      1.04e+12  1.68e+10   1.61e+7   5.00   8.06e+7   5.29e+7   1.33e+8   2.52   4271    16     37    8    0    1256     0    40   1.2 min
3 j      1.58e+13  5.62e+10   4.27e+7   5.00   2.13e+8   1.32e+8   3.45e+8   2.58   6773    16     46   10    0    2834     0    50   1.4 min
7 j      7.20e+13  6.98e+11   7.40e+7   5.00   3.70e+8   1.74e+8   5.44e+8   2.56   8172    16     49   11    0    4264     0    55   1.5 min
30 j     1.18e+15  9.08e+12   1.71e+9   5.00   8.53e+9   3.79e+9  1.23e+10   2.54  42549    23     57   62    4   12897    21   310   1.4 min
90 j     2.41e+16  1.71e+14  2.04e+10   5.00  1.02e+11  6.18e+10  1.64e+11   2.56  65259    24     71   82    5   39982    33   410   1.5 min
365 j    3.83e+18  3.02e+16  1.59e+11   5.00  7.94e+11  4.99e+11  1.29e+12   2.59  99125    24     85  106    6  251590    51   530   1.6 min

--- 7 clics/s ---
horizon    cuits total   dispo. par clic cadence prod.clics    minage     total  ratio achats bât. paliers prst asc.   chips étoil. CRMB  décision
1 min        1947      7.20      6.57   7.00        46        10        56   5.08     11     3      0    0    0       0     0     0      55 s
5 min       47632      4491        42   7.00       293       100       393   3.52     33     6      0    0    0       0     0     0      41 s
15 min    7.29e+5   3.93e+5       159   7.00      1116       440      1556   4.78     55     8      1    0    0       0     0     0      55 s
1 h       2.19e+8   7.17e+5     25812   7.00   1.81e+5     53184   2.34e+5   3.80    213    13     11    0    0       0     0     0   1.1 min
6 h       4.81e+9   5.80e+8   5.22e+5   7.00   3.66e+6   1.44e+6   5.09e+6   3.68   1848    16     17    5    0     339     0    25      56 s
1 j      9.08e+11   3.39e+9   2.05e+7   7.00   1.43e+8   6.10e+7   2.04e+8   3.49   4927    16     38    9    0    1763     0    45   1.3 min
3 j      5.61e+13  6.37e+11   5.50e+7   7.00   3.85e+8   1.69e+8   5.54e+8   3.28   6623    16     48   10    0    2647     0    50   1.3 min
7 j       1.30e+9   9.04e+7   2.58e+5   7.00   1.81e+6   7.08e+5   2.52e+6   3.65   9752    14     15   17    1     428     4    85   1.2 min
30 j      7.21e+9   2.06e+9   7.29e+5   7.00   5.10e+6   1.68e+6   6.78e+6   3.38  42435    16     17   66    5     215    27   330   1.2 min
90 j     1.06e+18  1.14e+15  1.09e+11   7.00  7.63e+11  2.49e+11  1.01e+12   3.39  62492    24     82   81    5  124298    27   405   1.2 min
365 j    5.66e+16  2.23e+14  3.25e+10   7.00  2.27e+11  9.64e+10  3.24e+11   3.47 106328    24     72  120    7  108815    63   600   1.2 min

--- 15 clics/s ---
horizon    cuits total   dispo. par clic cadence prod.clics    minage     total  ratio achats bât. paliers prst asc.   chips étoil. CRMB  décision
1 min        6438       585        12     15       187        20       207  14.88     18     4      0    0    0       0     0     0      24 s
5 min     2.39e+5     25288       136     15      2047       190      2237  12.55     52     7      1    0    0       0     0     0      28 s
15 min    1.31e+7   3.35e+6      3180     15     47695      5616     53311  10.50    134    10      7    0    0       0     0     0      41 s
1 h       2.39e+6     41128      3232     15     48484      4356     52840  12.30    567     9      3    2    0     105     0    10      32 s
6 h      7.60e+11  5.05e+10   2.12e+7     15   3.18e+8   4.61e+7   3.64e+8   9.84   2770    16     36    6    0     646     0    30      44 s
1 j      2.31e+13   1.38e+9   4.88e+7     15   7.33e+8   1.41e+8   8.74e+8   6.52   5512    16     46    9    0    2208     0    45      49 s
3 j      3.32e+13  3.10e+10   5.30e+7     15   7.95e+8   1.52e+8   9.47e+8   6.31   8102    16     47   11    0    4978     0    55      51 s
7 j       4.75e+5   1.76e+5       529     15      7928       450      8378   9.99  15358     7      1   25    2     150    10   125      48 s
30 j     2.17e+16  4.48e+13  2.32e+10     15  3.47e+11  6.99e+10  4.17e+11   8.90  61038    24     71   81    5   78480    35   405      46 s
90 j     3.12e+18  1.86e+16  1.47e+11     15  2.20e+12  4.50e+11  2.65e+12   6.21  69124    24     85   84    5  265773    35   420      48 s
365 j    5.10e+18  2.20e+15  1.75e+11     15  2.62e+12  5.32e+11  3.15e+12   6.13  97814    24     85  106    6  685668    54   530      50 s

--- autoclicker 50/s ---
horizon    cuits total   dispo. par clic cadence prod.clics    minage     total  ratio achats bât. paliers prst asc.   chips étoil. CRMB  décision
1 min        6438       585        12     15       187        20       207  14.88     18     4      0    0    0       0     0     0      24 s
5 min     2.39e+5     25288       136     15      2047       190      2237  12.55     52     7      1    0    0       0     0     0      28 s
15 min    1.31e+7   3.35e+6      3180     15     47695      5616     53311  10.50    134    10      7    0    0       0     0     0      41 s
1 h       2.39e+6     41128      3232     15     48484      4356     52840  12.30    567     9      3    2    0     105     0    10      32 s
6 h      7.60e+11  5.05e+10   2.12e+7     15   3.18e+8   4.61e+7   3.64e+8   9.84   2770    16     36    6    0     646     0    30      44 s
1 j      2.31e+13   1.38e+9   4.88e+7     15   7.33e+8   1.41e+8   8.74e+8   6.52   5512    16     46    9    0    2208     0    45      49 s
3 j      3.32e+13  3.10e+10   5.30e+7     15   7.95e+8   1.52e+8   9.47e+8   6.31   8102    16     47   11    0    4978     0    55      51 s
7 j       4.75e+5   1.76e+5       529     15      7928       450      8378   9.99  15358     7      1   25    2     150    10   125      48 s
30 j     2.17e+16  4.48e+13  2.32e+10     15  3.47e+11  6.99e+10  4.17e+11   8.90  61038    24     71   81    5   78480    35   405      46 s
90 j     3.12e+18  1.86e+16  1.47e+11     15  2.20e+12  4.50e+11  2.65e+12   6.21  69124    24     85   84    5  265773    35   420      48 s
365 j    5.10e+18  2.20e+15  1.75e+11     15  2.62e+12  5.32e+11  3.15e+12   6.13  97814    24     85  106    6  685668    54   530      50 s

--- minage surtout ---
horizon    cuits total   dispo. par clic cadence prod.clics    minage     total  ratio achats bât. paliers prst asc.   chips étoil. CRMB  décision
1 min        1128       525      2.70   5.00        14        10        24   2.35      5     1      0    0    0       0     0     0         —
5 min       18278       404        12   5.00        58        98       156   1.68     15     3      0    0    0       0     0     0   3.5 min
15 min    2.50e+5     30201        56   5.00       278       532       810   1.53     32     4      1    0    0       0     0     0   3.5 min
1 h       4.38e+7   2.26e+6      3545   5.00     17725     34944     52669   1.51     97     6      6    0    0       0     0     0   3.5 min
6 h       1.38e+6   1.76e+5       720   5.00      3600      7084     10684   1.51    688     4      2    4    0     237     0    20   3.0 min
1 j      1.25e+12   6.63e+9   5.06e+6   5.00   2.53e+7   4.99e+7   7.51e+7   1.51   2025     8     19    7    0     851     0    35   2.7 min
3 j      1.64e+13   5.85e+9   3.93e+7   5.00   1.97e+8   1.23e+8   3.20e+8   1.55   4314    16     46    9    0    1917     0    45   2.4 min
7 j      1.25e+13  1.66e+11   4.24e+7   5.00   2.12e+8   1.32e+8   3.44e+8   1.62   6656    16     44   11    0    4333     0    55   2.5 min
30 j     1.58e+15  4.85e+12   1.76e+9   5.00   8.78e+9   4.73e+9  1.35e+10   1.51  26603    22     60   48    3   13809    14   240   2.5 min
90 j     3.99e+15  3.81e+12   4.61e+9   5.00  2.31e+10  1.32e+10  3.63e+10   1.51  55450    24     62   81    5   45724    32   405   2.8 min
365 j    4.51e+18  1.81e+15  1.68e+11   5.00  8.41e+11  5.29e+11  1.37e+12   1.52  86835    24     85  104    6  265773    48   520   3.2 min

--- achats au hasard ---
horizon    cuits total   dispo. par clic cadence prod.clics    minage     total  ratio achats bât. paliers prst asc.   chips étoil. CRMB  décision
1 min         615       540      2.11   5.00        11         0        11 Infinity      1     1      0    0    0       0     0     0         —
5 min        6656      5499      3.55   5.00        18        10        28   2.77      4     3      0    0    0       0     0     0   1.4 min
15 min      67661     48824        23   5.00       114        12       126  10.49      9     5      0    0    0       0     0     0   2.3 min
1 h       1.26e+7   3.36e+6      2579   5.00     12896      3920     16816   3.63     36    10      1    0    0       0     0     0   4.5 min
6 h       2.54e+9   4.52e+8   3.09e+5   5.00   1.55e+6   5.92e+5   2.14e+6   3.33    408    15      1    3    0     156     0    15   3.9 min
1 j      1.31e+12  7.26e+10   1.51e+7   5.00   7.54e+7   4.80e+7   1.23e+8   2.58   1843    16     32    7    0     813     0    35   4.2 min
3 j      5.11e+12  1.58e+10   4.06e+7   5.00   2.03e+8   1.28e+8   3.31e+8   2.59   4653    16     40   10    0    2789     0    50   4.8 min
7 j      5.76e+13  1.53e+11   5.45e+7   5.00   2.72e+8   1.70e+8   4.42e+8   2.61   6436    16     48   11    0    4196     0    55   5.2 min
30 j     4.29e+15  5.26e+12   2.15e+9   5.00  1.08e+10   6.66e+9  1.74e+10   2.67  25398    22     62   48    3   23651    15   240   5.4 min
90 j     2.60e+14  2.47e+10   9.86e+8   5.00   4.93e+9   2.84e+9   7.77e+9   2.73  47196    22     49   78    5    9770    36   390   5.8 min
365 j    2.89e+15  2.12e+13   4.32e+9   5.00  2.16e+10  1.28e+10  3.44e+10   2.68  83613    24     62  105    6  195741    55   525   6.4 min

--- optimiseur ---
horizon    cuits total   dispo. par clic cadence prod.clics    minage     total  ratio achats bât. paliers prst asc.   chips étoil. CRMB  décision
1 min        1947      7.20      6.57   7.00        46        10        56   5.08     11     3      0    0    0       0     0     0      55 s
5 min       47632      4491        42   7.00       293       100       393   3.52     33     6      0    0    0       0     0     0      41 s
15 min    7.29e+5   3.93e+5       159   7.00      1116       440      1556   4.78     55     8      1    0    0       0     0     0      55 s
1 h       2.19e+8   7.17e+5     25812   7.00   1.81e+5     53184   2.34e+5   3.80    213    13     11    0    0       0     0     0   1.1 min
6 h       4.81e+9   5.80e+8   5.22e+5   7.00   3.66e+6   1.44e+6   5.09e+6   3.68   1848    16     17    5    0     339     0    25      56 s
1 j      9.08e+11   3.39e+9   2.05e+7   7.00   1.43e+8   6.10e+7   2.04e+8   3.49   4927    16     38    9    0    1763     0    45   1.3 min
3 j      5.61e+13  6.37e+11   5.50e+7   7.00   3.85e+8   1.69e+8   5.54e+8   3.28   6623    16     48   10    0    2647     0    50   1.3 min
7 j       1.30e+9   9.04e+7   2.58e+5   7.00   1.81e+6   7.08e+5   2.52e+6   3.65   9752    14     15   17    1     428     4    85   1.2 min
30 j      7.21e+9   2.06e+9   7.29e+5   7.00   5.10e+6   1.68e+6   6.78e+6   3.38  42435    16     17   66    5     215    27   330   1.2 min
90 j     1.06e+18  1.14e+15  1.09e+11   7.00  7.63e+11  2.49e+11  1.01e+12   3.39  62492    24     82   81    5  124298    27   405   1.2 min
365 j    5.66e+16  2.23e+14  3.25e+10   7.00  2.27e+11  9.64e+10  3.24e+11   3.47 106328    24     72  120    7  108815    63   600   1.2 min

--- mauvaise répartition ---
horizon    cuits total   dispo. par clic cadence prod.clics    minage     total  ratio achats bât. paliers prst asc.   chips étoil. CRMB  décision
1 min        1295       105      4.82   5.00        24        10        34   3.88     10     2      0    0    0       0     0     0       7 s
5 min       21162      1173        20   5.00       100        52       152   3.02     36     4      0    0    0       0     0     0      32 s
15 min    1.99e+5      4367        66   5.00       328       142       470   2.82     75     5      0    0    0       0     0     0   2.8 min
1 h       6.35e+6   1.04e+5       661   5.00      3306      1920      5226   2.92    175     8      6    0    0       0     0     0   2.8 min
6 h       8.48e+8   1.06e+7     66967   5.00   3.35e+5   1.64e+5   4.99e+5   2.77   1141    12     16    2    0      95     0    10   2.3 min
1 j       2.25e+9   8.84e+6   1.34e+5   5.00   6.69e+5   3.88e+5   1.06e+6   2.76   3593    12     17    6    0     486     0    30   2.4 min
3 j      1.68e+11   1.73e+9   2.59e+6   5.00   1.30e+7   7.33e+6   2.03e+7   2.74   6670    16     29    9    0    1647     0    45   2.9 min
7 j      6.80e+11   3.41e+9   1.01e+7   5.00   5.06e+7   2.82e+7   7.88e+7   2.73   9147    16     33   11    0    3722     0    55   3.6 min
30 j     1.31e+14  2.87e+11   4.42e+8   5.00   2.21e+9   1.05e+9   3.25e+9   2.75  38835    22     51   47    3    4666    14   235   3.4 min
90 j     2.41e+17  1.28e+15  5.45e+10   5.00  2.73e+11  1.70e+11  4.42e+11   2.74  65109    24     79   68    4   53542    21   340   4.2 min
365 j    3.42e+18  2.64e+15  1.63e+11   5.00  8.17e+11  5.08e+11  1.32e+12   2.74 120039    24     85  109    6  250439    48   545   4.7 min



==============================================================================================================
FAMILLE 2 — VRAIES SESSIONS (le reste du temps, seul le minage tourne)
==============================================================================================================

--- occasionnel · 10 min/j ---
horizon    cuits total   dispo. par clic cadence prod.clics    minage     total  ratio achats bât. paliers prst asc.   chips étoil. CRMB  décision
1 min         137        29      1.89   0.03      0.05      4.00      4.05   1.01      2     1      0    0    0       0     0     0         —
5 min        2151        61      5.08   0.03      0.14        18        18   1.01     11     3      0    0    0       0     0     0   3.6 min
15 min      28975      3432        20   0.03      0.56        98        99   1.01     28     5      0    0    0       0     0     0   3.6 min
1 h       1.62e+6     26484       372   0.03        10      1450      1460   1.01     82     8      0    0    0       0     0     0   2.9 min
6 h       1.80e+8   8.89e+6      5180   0.03       144     14740     14884   1.01    245    11      0    0    0       0     0     0   5.0 min
1 j       5.53e+8   2.40e+7     48300   0.03      1342   1.27e+5   1.28e+5   1.01   1029    13      0    3    0     143     0    15   6.4 min
3 j       2.91e+8   1.47e+7     32716   0.03       909   1.08e+5   1.09e+5   1.01   2685    12      0    6    0     491     0    30   6.9 min
7 j      3.86e+11   1.64e+9   2.85e+6   0.03     79298   9.22e+6   9.30e+6   1.01   4993    16      1    8    0    1113     0    40   8.2 min
30 j     1.32e+14  7.70e+11   8.00e+7   0.03   2.22e+6   2.75e+8   2.78e+8   1.01   8919    16     51   11    0    3782     0    55   8.8 min
90 j     1.95e+14  3.80e+11   5.14e+8   0.03   1.43e+7   1.59e+9   1.61e+9   1.01  35875    22     54   47    3    4998    14   235   7.9 min
365 j    1.72e+11   2.70e+9   1.83e+6   0.03     50874   6.09e+6   6.14e+6   1.01  80467    16      0   86    5   79769    33   430   8.8 min

--- normal · 3×10 min/j ---
horizon    cuits total   dispo. par clic cadence prod.clics    minage     total  ratio achats bât. paliers prst asc.   chips étoil. CRMB  décision
1 min          10        10      1.63   0.10      0.17         0      0.17 Infinity      0     0      0    0    0       0     0     0         —
5 min          51        51      1.63   0.10      0.17         0      0.17 Infinity      0     0      0    0    0       0     0     0         —
15 min        172        97      2.04   0.10      0.21         0      0.21 Infinity      1     1      0    0    0       0     0     0         —
1 h       4.24e+5     72377       149   0.10        16       490       506   1.03     54     8      0    0    0       0     0     0   6.4 min
6 h       1.56e+8   7.01e+6      5443   0.10       567     14290     14857   1.03    237    11      0    0    0       0     0     0   8.1 min
1 j       4.42e+9   1.50e+7   1.93e+5   0.10     20088   5.95e+5   6.15e+5   1.04   1101    14      0    3    0     143     0    15   6.5 min
3 j      1.87e+10   1.15e+8   2.99e+5   0.10     31125   8.99e+5   9.30e+5   1.03   2938    14      0    6    0     486     0    30   6.4 min
7 j      1.43e+12  1.51e+10   9.08e+6   0.10   9.46e+5   3.06e+7   3.16e+7   1.03   5082    16     15    8    0    1100     0    40   5.8 min
30 j     1.57e+14  5.33e+11   8.75e+7   0.10   9.11e+6   2.82e+8   2.91e+8   1.03   8889    16     52   11    0    3737     0    55   5.8 min
90 j     2.73e+14  1.00e+12   6.74e+8   0.10   7.02e+7   2.09e+9   2.16e+9   1.03  36949    22     54   48    3    7376    14   240   5.9 min
365 j    1.45e+17  1.81e+14  4.91e+10   0.10   5.11e+9  1.26e+11  1.32e+11   1.04  81013    24     76   86    5   65651    32   430   7.1 min

--- engagé · 1 h/j ---
horizon    cuits total   dispo. par clic cadence prod.clics    minage     total  ratio achats bât. paliers prst asc.   chips étoil. CRMB  décision
1 min         174        66      2.10   0.21      0.44      4.00      4.44   1.11      2     1      0    0    0       0     0     0         —
5 min        3613       490      4.73   0.21      0.99        30        31   1.04      9     2      0    0    0       0     0     0   3.5 min
15 min      59535      4952        22   0.21      4.58       200       205   1.02     22     3      0    0    0       0     0     0   6.3 min
1 h       7.59e+6   7.47e+5      1020   0.21       213      9968     10181   1.02     78     7      4    0    0       0     0     0   6.3 min
6 h            41        41      1.69   0.21      0.35         0      0.35   1.02    599     0      0    3    0     160     0    15   4.7 min
1 j      2.58e+11  1.02e+10   5.26e+6   0.21   1.10e+6   3.89e+7   4.00e+7   1.02   2180    16     28    6    0     568     0    30   4.8 min
3 j      5.10e+12  5.16e+10   1.91e+7   0.21   3.98e+6   5.89e+7   6.28e+7   1.05   4343    16     40    8    0    1283     0    40   5.7 min
7 j      6.83e+11   4.48e+9   1.30e+7   0.21   2.70e+6   5.32e+7   5.59e+7   1.03   6211    16     34   10    0    2891     0    50   5.8 min
30 j     2.00e+12  4.50e+10   3.62e+7   0.21   7.53e+6   1.30e+8   1.38e+8   1.02  11793    18     37   20    1    1720     5   100   5.5 min
90 j     9.99e+13  8.46e+11   3.67e+8   0.21   7.65e+7   8.56e+8   9.32e+8   1.03  45345    21     49   63    4   17459    21   315   5.5 min
365 j    6.46e+17  3.44e+15  7.31e+10   0.21  1.52e+10  2.15e+11  2.30e+11   1.05  73907    24     80   85    5  130474    33   425   6.3 min

--- très engagé · 2 h/j ---
horizon    cuits total   dispo. par clic cadence prod.clics    minage     total  ratio achats bât. paliers prst asc.   chips étoil. CRMB  décision
1 min         227       119      2.13   0.50      1.06      4.00      5.06   1.27      2     1      0    0    0       0     0     0         —
5 min        4501        28      5.63   0.50      2.82        38        41   1.08     10     2      0    0    0       0     0     0   3.1 min
15 min      69854     15236        23   0.50        11       200       211   1.06     23     4      0    0    0       0     0     0   3.1 min
1 h       9.01e+6   3.09e+5      1257   0.50       628     11600     12228   1.05     91     8      4    0    0       0     0     0   3.7 min
6 h       6.89e+5   3.46e+5       210   0.50       105      2013      2118   1.05    703     5      1    3    0     163     0    15   2.8 min
1 j      4.02e+11   1.54e+9   9.68e+6   0.50   4.84e+6   4.23e+7   4.72e+7   1.05   2475    16     33    6    0     579     0    30   3.4 min
3 j      5.95e+12  4.85e+10   1.98e+7   0.50   9.91e+6   6.09e+7   7.08e+7   1.12   4581    16     40    8    0    1320     0    40   4.1 min
7 j      1.86e+12   7.44e+9   1.81e+7   0.50   9.06e+6   5.55e+7   6.46e+7   1.13   6667    16     37   10    0    2973     0    50   4.5 min
30 j     7.34e+12  2.65e+10   5.27e+7   0.50   2.64e+7   1.41e+8   1.67e+8   1.05  13506    18     41   21    1    2397     5   105   4.8 min
90 j     1.05e+15  2.89e+12   1.69e+9   0.50   8.44e+8   3.74e+9   4.59e+9   1.09  46299    23     57   63    4   18862    21   315   5.5 min
365 j    7.04e+17  1.87e+15  7.74e+10   0.50  3.87e+10  2.37e+11  2.76e+11   1.14  75336    24     81   85    5  143841    33   425   6.1 min

--- surtout inactif · matin+soir ---
horizon    cuits total   dispo. par clic cadence prod.clics    minage     total  ratio achats bât. paliers prst asc.   chips étoil. CRMB  décision
1 min         138        30      1.89   0.03      0.06      4.00      4.06   1.02      2     1      0    0    0       0     0     0         —
5 min        3013       187      4.09   0.03      0.14        28        28   1.01      8     2      0    0    0       0     0     0   3.8 min
15 min      52043      1500        19   0.03      0.63       190       191   1.00     20     3      0    0    0       0     0     0   6.5 min
1 h       6.65e+6   3.21e+5       868   0.03        29      9472      9501   1.00     69     5      4    0    0       0     0     0   6.5 min
6 h          4060       323        11   0.03      0.35        83        83   1.00    291     3      0    2    0     101     0    10   5.5 min
1 j            81      5.65      2.67   0.03      0.09         0      0.09   1.00   1245     1      0    6    0     564     0    30   5.5 min
3 j      3.16e+12   8.77e+9   1.51e+7   0.03   5.04e+5   5.18e+7   5.23e+7   1.00   3619    16     38    8    0    1283     0    40   4.7 min
7 j      2.00e+13  4.90e+10   3.65e+7   0.03   1.22e+6   1.27e+8   1.28e+8   1.00   4841    16     46    9    0    1926     0    45   4.9 min
30 j     2.70e+14  1.05e+12   8.74e+7   0.03   2.91e+6   3.02e+8   3.05e+8   1.01   7500    16     52   11    0    4350     0    55   4.9 min
90 j     6.41e+14  9.50e+11   9.10e+8   0.03   3.03e+7   2.98e+9   3.01e+9   1.00  38926    22     56   61    4    8073    21   305   5.0 min
365 j    4.42e+16  4.42e+13  2.27e+10   0.03   7.58e+8  7.72e+10  7.80e+10   1.00  70029    24     71   85    5  134780    33   425   5.6 min

--- économe (épargne) ---
horizon    cuits total   dispo. par clic cadence prod.clics    minage     total  ratio achats bât. paliers prst asc.   chips étoil. CRMB  décision
1 min         138       138      1.87   0.16      0.29      2.00      2.29   1.15      1     1      0    0    0       0     0     0         —
5 min         688       688      1.87   0.16      0.29      2.00      2.29   1.15      1     1      0    0    0       0     0     0         —
15 min       9372      7272      3.47   0.16      0.54        18        19   1.03      3     2      0    0    0       0     0     0   6.5 min
1 h       1.67e+6   6.59e+5       198   0.16        31      1956      1987   1.02     12     4      1    0    0       0     0     0  17.2 min
6 h       1.54e+7   9.31e+6      1850   0.16       289     18450     18739   1.02     66     5      1    2    0      98     0    10   9.1 min
1 j            40        40      1.67   0.16      0.26         0      0.26   1.02    269     0      0    6    0     550     0    30  10.9 min
3 j      3.00e+12  3.21e+10   1.63e+7   0.16   2.55e+6   5.07e+7   5.32e+7   1.05   2116    16     38    8    0    1238     0    40   8.9 min
7 j       3.07e+8   5.92e+6     47083   0.16      7357   4.70e+5   4.77e+5   1.05   3356     7      1   10    0    2789     0    50   8.9 min
30 j     6.83e+12  3.37e+10   4.86e+7   0.16   7.59e+6   1.33e+8   1.40e+8   1.05   7368    16     34   20    1    1704     5   100   9.4 min
90 j     3.16e+13  2.92e+11   2.02e+8   0.16   3.16e+7   5.93e+8   6.24e+8   1.05  32040    17     35   62    4   12673    21   310   8.9 min
365 j    1.38e+16  1.46e+13  1.85e+10   0.16   2.89e+9  4.97e+10  5.26e+10   1.05  59899    24     68   85    5  142683    33   425  10.9 min

--- acheteur immédiat ---
horizon    cuits total   dispo. par clic cadence prod.clics    minage     total  ratio achats bât. paliers prst asc.   chips étoil. CRMB  décision
1 min         139        64      2.29   0.16      0.36      2.00      2.36   1.18      2     2      0    0    0       0     0     0      33 s
5 min        1630       240      5.18   0.16      0.81        10        11   1.09     11     2      0    0    0       0     0     0      33 s
15 min      15057       714        16   0.16      2.49        34        36   1.07     31     4      0    0    0       0     0     0   3.1 min
1 h       3.95e+5      6241       114   0.16        18       296       314   1.06     91     6      2    0    0       0     0     0   8.2 min
6 h       1.14e+8   9.50e+5      7426   0.16      1160     22192     23352   1.05    297    10     11    0    0       0     0     0  10.0 min
1 j       2.28e+9   2.11e+6   1.21e+5   0.16     18938   3.56e+5   3.75e+5   1.05   1675    12     17    3    0     143     0    15   6.7 min
3 j      2.79e+10   2.10e+7   6.45e+5   0.16   1.01e+5   1.88e+6   1.98e+6   1.05   3758    14     23    6    0     486     0    30   7.1 min
7 j      3.31e+12  3.65e+10   1.67e+7   0.16   2.60e+6   5.24e+7   5.50e+7   1.05   5887    16     38    8    0    1097     0    40   8.3 min
30 j      1.77e+9   1.10e+6   1.17e+5   0.16     18304   3.55e+5   3.74e+5   1.05  11273    12     17   15    1     179     4    75   9.2 min
90 j     1.93e+14  2.96e+11   6.29e+8   0.16   9.83e+7   1.78e+9   1.88e+9   1.05  41825    22     54   49    3   10517    14   245   9.5 min
365 j    1.66e+16  1.22e+14  1.94e+10   0.16   3.03e+9  5.24e+10  5.54e+10   1.05  88202    24     69   87    5   94963    32   435  11.8 min

--- revient après 3 jours ---
horizon    cuits total   dispo. par clic cadence prod.clics    minage     total  ratio achats bât. paliers prst asc.   chips étoil. CRMB  décision
1 min         146        38      2.02   0.07      0.14      4.00      4.14   1.04      2     1      0    0    0       0     0     0         —
5 min        2275       185      5.43   0.07      0.38        18        18   1.03     11     3      0    0    0       0     0     0   3.5 min
15 min      30431      4888        21   0.07      1.49        98        99   1.02     28     5      0    0    0       0     0     0   3.5 min
1 h       1.69e+6     96003       398   0.07        28      1450      1478   1.02     82     8      0    0    0       0     0     0   2.9 min
6 h       1.86e+8   1.10e+6      6389   0.07       444     15540     15984   1.03    246    11      0    0    0       0     0     0   4.9 min
1 j       3.95e+9   4.35e+7   1.85e+5   0.07     12836   5.37e+5   5.50e+5   1.02   1103    14      0    3    0     143     0    15   6.3 min
3 j      1.08e+10   3.23e+8   2.75e+5   0.07     19093   8.63e+5   8.82e+5   1.02   2860    14      0    6    0     490     0    30   8.0 min
7 j      9.34e+11   4.93e+9   8.52e+6   0.07   5.92e+5   2.73e+7   2.79e+7   1.02   5045    16      9    8    0    1109     0    40   7.8 min
30 j     1.51e+14  1.20e+12   8.65e+7   0.07   6.00e+6   2.82e+8   2.88e+8   1.02   8904    16     52   11    0    3767     0    55   7.7 min
90 j     2.73e+13  2.81e+11   1.49e+8   0.07   1.04e+7   5.07e+8   5.17e+8   1.02  36978    20     26   48    3    7444    14   240   7.5 min
365 j    8.98e+16  3.09e+14  2.88e+10   0.07   2.00e+9  9.33e+10  9.53e+10   1.02  81238    24     73   86    5   65297    32   430   7.8 min


==============================================================================================================
OBJECTIFS DE RYTHME (joueur normal, 5 clics/s)
==============================================================================================================
  OK  premier achat payé (s)                                6.5 s   cible 5–15 s
  OK  achats marquants dans la 1re minute                     2   cible 2–6
  !!  écart médian entre marquants, 0–5 min (s)            72.8 s   cible 20–40 s
  OK  premier vrai palier (min)                            19.5 min   cible 10–20 min
  OK  premier prestige (min)                               85.2 min   cible 60–120 min
  OK  première ascension (j)                               10.1 j   cible 5–20 j
  OK  dernière nouveauté du jeu (j)                        27.9 j   cible 7–60 j

vagues de contenu (première apparition de chaque nouveauté):
        0 s  bâtiment:oven
        7 s  bâtiment:cursor
    1.3 min  bâtiment:bakery
    1.7 min  bâtiment:grandma
    4.5 min  bâtiment:farm_cps
    5.4 min  bâtiment:farm
   12.0 min  bâtiment:factory_cps
   13.4 min  bâtiment:factory
   19.2 min  amélioration:global
   19.5 min  amélioration:tier
   26.9 min  bâtiment:bank_cps
   28.3 min  bâtiment:bank
   43.1 min  bâtiment:temple
   46.2 min  bâtiment:ai
      1.3 h  bâtiment:tm
      1.4 h  bâtiment:lab
      1.4 h  prestige
      3.2 h  bâtiment:portal
      3.3 h  bâtiment:singularity
     10.1 j  ascension
     10.1 j  voie:horizon
     10.1 j  voie:echo
     10.1 j  voie:eclat
     10.3 j  bâtiment:colony
     10.3 j  bâtiment:swarm
     13.6 j  bâtiment:will
     13.6 j  bâtiment:dyson
     16.9 j  bâtiment:impact
     17.1 j  bâtiment:nebula
     27.9 j  bâtiment:worldfinger
```
